%YAML:1.0

System.SaveAtlasToFile: "/home/koksyuen/Documents/fyp2/fyp_result/map"

#--------------------------------------------------------------------------------------------
# Camera Parameters. Adjust them!
#--------------------------------------------------------------------------------------------
Camera.type: "PinHole"

# Left Camera calibration and distortion parameters (OpenCV)
Camera.fx: 381.50091715225676
Camera.fy: 380.6841806683357
Camera.cx: 321.71880735049814
Camera.cy: 239.39601119612195

# distortion parameters
Camera.k1: -0.002546507979782821
Camera.k2: -0.0019901595883390177
Camera.p1: 0.0013933664140284017
Camera.p2: -0.0016382762604292916

# Right Camera calibration and distortion parameters (OpenCV)
Camera2.fx: 381.50091715225676
Camera2.fy: 380.6841806683357
Camera2.cx: 321.71880735049814
Camera2cy: 239.39601119612195

# distortion parameters
Camera2.k1: -0.002546507979782821
Camera2.k2: -0.0019901595883390177
Camera2.p1: 0.0013933664140284017
Camera2.p2: -0.0016382762604292916

Tlr: !!opencv-matrix
  rows: 3
  cols: 4
  dt: f
  data: [1.0, 0.0, 0.0, 0.0499585,
         0.0, 1.0, 0.0, 0.0,
         0.0, 0.0, 1.0, 0.0,
         0.0, 0.0, 0.0, 1.0]


# Camera resolution
Camera.width: 640
Camera.height: 480

# Camera frames per second
Camera.fps: 30.0

# Color order of the images (0: BGR, 1: RGB. It is ignored if images are grayscale)
Camera.RGB: 1

# Image scale, it changes the image size to be processed (<1.0: reduce, >1.0: increase)
Camera.imageScale: 0.5 # 0.5 #0.7071 # 1/sqrt(2)

# Close/Far threshold. Baseline times.
ThDepth: 40.0
# stereo baseline times fx
Camera.bf: 19.114771561

# Transformation from body-frame (imu) to left camera
# Tbc: !!opencv-matrix
#    rows: 4
#    cols: 4
#    dt: f
#    data: [-0.9998999892565146, 0.004922902388748979, 0.013258073649399897, -0.011815554666344352,
#           -0.004016860565251834, -0.9977099136583705, 0.06751883455011752, 0.08955657137944775,
#           0.01356010014791141, 0.0674588261080614, 0.9976299065605947, -0.008781135151420955,
#           0.0, 0.0, 0.0, 1.0]

Tbc: !!opencv-matrix
   rows: 4
   cols: 4
   dt: f
   data: [-1.0, 0.0, 0.0, -0.0060,
          0.0, -1.0, 0.0, 0.0300,
          0.0, 0.0, 1.0, -0.0060,
          0.0, 0.0, 0.0, 1.0]

# Do not insert KFs when recently lost
InsertKFsWhenLost: 0

# IMU noise (Use those from VINS-mono)
IMU.NoiseGyro: 1e-3 # 2.44e-4 #1e-3 # rad/s^0.5
IMU.NoiseAcc: 1e-2 # 1.47e-3 #1e-2 # m/s^1.5
IMU.GyroWalk: 1e-6 # rad/s^1.5
IMU.AccWalk: 1e-4 # m/s^2.5
IMU.Frequency: 200

#--------------------------------------------------------------------------------------------
# ORB Parameters
#--------------------------------------------------------------------------------------------
# ORB Extractor: Number of features per image
ORBextractor.nFeatures: 1250

# ORB Extractor: Scale factor between levels in the scale pyramid
ORBextractor.scaleFactor: 1.2

# ORB Extractor: Number of levels in the scale pyramid
ORBextractor.nLevels: 8

# ORB Extractor: Fast threshold
# Image is divided in a grid. At each cell FAST are extracted imposing a minimum response.
# Firstly we impose iniThFAST. If no corners are detected we impose a lower value minThFAST
# You can lower these values if your images have low contrast
ORBextractor.iniThFAST: 20
ORBextractor.minThFAST: 7

#--------------------------------------------------------------------------------------------
# Viewer Parameters
#--------------------------------------------------------------------------------------------
Viewer.KeyFrameSize: 0.05
Viewer.KeyFrameLineWidth: 1
Viewer.GraphLineWidth: 0.9
Viewer.PointSize: 2
Viewer.CameraSize: 0.08
Viewer.CameraLineWidth: 3
Viewer.ViewpointX: 0
Viewer.ViewpointY: -0.7
Viewer.ViewpointZ: -3.5
Viewer.ViewpointF: 500
Viewer.imageViewScale: 0.5
