%YAML:1.0

#--------------------------------------------------------------------------------------------
# Camera Parameters. Adjust them!
#--------------------------------------------------------------------------------------------
File.version: "1.0"

Camera.type: "Rectified"

# # Rectified Camera calibration (OpenCV)
Camera1.fx: 382.613
Camera1.fy: 382.613
Camera1.cx: 320.183
Camera1.cy: 236.455

# Rectified Camera calibration (OpenCV)
# Camera1.fx: 381.50091715225676
# Camera1.fy: 380.6841806683357
# Camera1.cx: 321.71880735049814
# Camera1.cy: 239.39601119612195

# distortion parameters
# Camera1.k1: -0.002546507979782821
# Camera1.k2: -0.0019901595883390177
# Camera1.p1: 0.0013933664140284017
# Camera1.p2: -0.0016382762604292916

Stereo.b: 0.0499585

# Camera resolution
Camera.width: 640
Camera.height: 480

# Camera frames per second 
Camera.fps: 30

# Color order of the images (0: BGR, 1: RGB. It is ignored if images are grayscale)
Camera.RGB: 1

# Close/Far threshold. Baseline times.
Stereo.ThDepth: 40.0

# # Transformation from body-frame (imu) to left camera
# IMU.T_b_c1: !!opencv-matrix
#    rows: 4
#    cols: 4
#    dt: f
#    data: [-0.9999730827903597, 0.005987248825538995, -0.004241054850661898, 0.0014106550315497609,
#           -0.006224216053466961, -0.9982820147699745, 0.05826043358335956, 0.05686916539832167,
#           -0.003884949068521369, 0.05828526261674017, 0.9982924097339584, 0.020404690108348614,
#           0.0, 0.0, 0.0, 1.0]

# # # Transformation from body-frame (imu) to left camera
IMU.T_b_c1: !!opencv-matrix
   rows: 4
   cols: 4
   dt: f
   data: [-0.9999675687511974, 0.0046845093942410425, 0.0065510928518236035, -0.0011125128382533298,
          -0.004323631730426334, -0.9985285531854201, 0.054055847806597196, 0.009491959331157939,
          0.006794678393978443, 0.054025770195024664, 0.9985164237509344, 0.0053041758083287975,
          0.0, 0.0, 0.0, 1.0]

# # # Transformation from body-frame (imu) to left camera
# IMU.T_b_c1: !!opencv-matrix
#    rows: 4
#    cols: 4
#    dt: f
#    data: [-0.9998999892565146, 0.004922902388748979, 0.013258073649399897, -0.011815554666344352,
#           -0.004016860565251834, -0.9977099136583705, 0.06751883455011752, 0.08955657137944775,
#           0.01356010014791141, 0.0674588261080614, 0.9976299065605947, -0.008781135151420955,
#           0.0, 0.0, 0.0, 1.0]

# # Transformation from body-frame (imu) to left camera
# IMU.T_b_c1: !!opencv-matrix
#    rows: 4
#    cols: 4
#    dt: f
#    data: [-0.9998999892565146, 0.004922902388748979, 0.013258073649399897, -0.011815554666344352,
#           -0.004016860565251834, -0.9977099136583705, 0.06751883455011752, 0.08955657137944775,
#           0.01356010014791141, 0.0674588261080614, 0.9976299065605947, -0.008781135151420955,
#           0.0, 0.0, 0.0, 1.0]


# Do not insert KFs when recently lost
IMU.InsertKFsWhenLost: 0

# # IMU noise (Use those from VINS-mono)
IMU.NoiseGyro: 1e-3 # 2.44e-4 #1e-3 # rad/s^0.5
IMU.NoiseAcc: 1e-2 # 1.47e-3 #1e-2 # m/s^1.5
IMU.GyroWalk: 1e-6 # rad/s^1.5
IMU.AccWalk: 1e-4 # m/s^2.5
IMU.Frequency: 200.0

# IMU noise (Use those from VINS-mono)
# IMU.NoiseGyro: 1.094e-02 # 2.44e-4 #1e-3 # rad/s^0.5
# IMU.NoiseAcc: 1.85e-03 # 1.47e-3 #1e-2 # m/s^1.5
# IMU.GyroWalk: 5.897e-04 # rad/s^1.5
# IMU.AccWalk: 2.548e-05 # m/s^2.5
# IMU.Frequency: 200.0

#--------------------------------------------------------------------------------------------
# ORB Parameters
#--------------------------------------------------------------------------------------------
# ORB Extractor: Number of features per image
ORBextractor.nFeatures: 1250

# ORB Extractor: Scale factor between levels in the scale pyramid 	
ORBextractor.scaleFactor: 1.2

# ORB Extractor: Number of levels in the scale pyramid	
ORBextractor.nLevels: 8

# ORB Extractor: Fast threshold
# Image is divided in a grid. At each cell FAST are extracted imposing a minimum response.
# Firstly we impose iniThFAST. If no corners are detected we impose a lower value minThFAST
# You can lower these values if your images have low contrast			
ORBextractor.iniThFAST: 20
ORBextractor.minThFAST: 7

#--------------------------------------------------------------------------------------------
# Viewer Parameters
#--------------------------------------------------------------------------------------------
Viewer.KeyFrameSize: 0.05
Viewer.KeyFrameLineWidth: 1.0
Viewer.GraphLineWidth: 0.9
Viewer.PointSize: 2.0
Viewer.CameraSize: 0.08
Viewer.CameraLineWidth: 3.0
Viewer.ViewpointX: 0.0
Viewer.ViewpointY: -0.7
Viewer.ViewpointZ: -3.5
Viewer.ViewpointF: 500.0
Viewer.imageViewScale: 1.0
